"contributor","tasks"
"Jared Obermeyer",1
"Elaine Dale",5
"Kathleen VanPaasschen",6
"Marilyn Kohn",6
"JP OConnor",32
"Michael George Adams",65
"Joellen mcGann",89
"Denis Antoine",102
